201
2.629806e-01
2.629806e-01
2.629806e-01
2.629806e-01
2.629806e-01
2.629806e-01
2.629806e-01
9.962961e-02
7.741367e-02
6.161420e-02
5.250634e-02
4.632192e-02
4.538703e-02
2.298357e-02
1.675208e-02
1.369910e-02
1.186305e-02
1.029891e-02
9.297693e-03
8.509966e-03
4.104465e-03
2.969607e-03
2.266466e-03
1.928600e-03
1.593140e-03
1.498680e-03
1.372703e-03
6.920483e-04
5.853219e-04
4.663087e-04
4.070491e-04
3.595635e-04
2.970382e-04
1.638270e-04
1.284832e-04
1.044754e-04
8.447857e-05
7.528917e-05
6.851286e-05
6.278410e-05
3.796882e-05
3.155105e-05
2.738114e-05
2.295557e-05
1.999065e-05
1.825409e-05
1.593920e-05
8.654716e-06
7.840998e-06
6.562744e-06
5.683554e-06
5.208106e-06
5.007015e-06
3.106781e-06
2.636009e-06
2.487919e-06
2.045207e-06
1.696025e-06
1.653936e-06
1.445051e-06
9.275136e-07
8.355417e-07
7.451286e-07
6.874513e-07
6.484801e-07
5.736555e-07
5.658613e-07
3.678878e-07
3.429462e-07
3.102104e-07
2.868277e-07
2.650039e-07
2.587685e-07
1.777085e-07
1.667966e-07
1.543258e-07
1.496493e-07
1.418550e-07
1.215900e-07
1.215900e-07
9.508963e-08
9.353079e-08
8.573655e-08
8.573655e-08
8.106002e-08
7.794232e-08
7.794232e-08
6.391270e-08
5.767732e-08
5.611847e-08
5.300078e-08
4.988309e-08
4.832424e-08
4.832424e-08
4.364770e-08
4.364770e-08
4.364770e-08
4.364770e-08
4.208885e-08
4.208885e-08
3.117693e-08
2.961808e-08
2.805924e-08
2.805924e-08
2.805924e-08
2.650039e-08
2.338270e-08
2.182385e-08
2.182385e-08
2.182385e-08
2.026500e-08
1.870616e-08
1.870616e-08
1.558846e-08
1.402962e-08
1.402962e-08
1.247077e-08
1.247077e-08
1.247077e-08
1.091193e-08
9.353079e-09
9.353079e-09
9.353079e-09
9.353079e-09
9.353079e-09
9.353079e-09
9.353079e-09
9.353079e-09
9.353079e-09
9.353079e-09
9.353079e-09
7.794232e-09
7.794232e-09
6.235386e-09
6.235386e-09
6.235386e-09
4.676539e-09
4.676539e-09
4.676539e-09
4.676539e-09
4.676539e-09
4.676539e-09
4.676539e-09
4.676539e-09
4.676539e-09
4.676539e-09
4.676539e-09
4.676539e-09
4.676539e-09
3.117693e-09
3.117693e-09
3.117693e-09
3.117693e-09
3.117693e-09
3.117693e-09
3.117693e-09
3.117693e-09
3.117693e-09
3.117693e-09
3.117693e-09
1.558846e-09
1.558846e-09
1.558846e-09
1.558846e-09
1.558846e-09
1.558846e-09
1.558846e-09
1.515545e-09
1.472244e-09
1.428943e-09
1.385641e-09
1.342340e-09
1.299039e-09
1.255738e-09
1.212436e-09
1.169135e-09
1.125834e-09
1.082533e-09
1.039231e-09
9.959302e-10
9.526290e-10
9.093277e-10
8.660265e-10
8.227252e-10
7.794240e-10
7.361227e-10
6.928215e-10
6.495202e-10
6.062190e-10
5.629177e-10
5.196165e-10
4.763152e-10
4.330140e-10
3.897127e-10
3.464115e-10
3.031102e-10
2.598090e-10
2.165077e-10
1.732064e-10
1.299052e-10
8.660395e-11
